00013 
00014 
00019 
00020 
00030 
00014 
00015 
00016 
00011 
00011 
00010 
00009 
00014 
00027 
00023 
00028 
00014 
00020 
00023 
00026 
00019 
00016 
00012 
00012 
00013 
00020 
00470 *****
01225 **************
01696 ********************
01702 ********************
01442 *****************
01321 ****************
00611 *******
00475 *****
00331 ****
00259 ***
00162 *
00100 *
00051 
00039 
00057 
00083 *
00039 
00035 
00078 
00024 
00031 
00073 
00016 
00019 
00016 
00015 
00014 
00011 
00011 
00010 
00009 
00008 
00009 
00009 
00011 
00010 
00010 
00009 
00009 
00009 
00012 
00012 
00010 
00009 
00009 
00011 
00013 
00012 
00010 
00010 
00012 
00307 ***
00840 **********
00784 *********
00994 ************
00993 ************
00816 *********
00851 **********
00429 *****
00286 ***
00128 *
00084 *
00078 
00054 
00048 
00040 
00038 
00077 
00130 *
00057 
00060 
00118 *
00075 
00091 *
00087 *
00061 
00031 
00024 
00016 
00015 
00009 
00058 
00223 **
00052 
00024 
00018 
00018 
00020 
00046 
00243 **
00075 
00104 *
00053 
00035 
00027 
00015 
00014 
00088 *
00398 ****
00362 ****
00284 ***
00234 **
00215 **
00052 
00034 
00024 
00021 
00018 
00020 
00017 
00014 
00011 
00010 
00010 
00011 
00010 
00013 
00019 
00031 
00027 
00012 
00011 
00018 
00020 
00058 
00094 *
00197 **
00052 
00033 
00019 
00030 
00020 
00020 
00161 *
00034 
00019 
00018 
00014 
00013 
00012 
00029 
00044 
00029 
00027 
00023 
00020 
00017 
00022 
00384 ****
00677 ********
00348 ****
00202 **
00056 
00075 
00137 *
00070 
00070 
00033 
00019 
00019 
00013 
00018 
00014 
00018 
00018 
00015 
00011 
00010 
00009 
00012 
00017 
00025 
00017 
00015 
00013 
00010 
00011 
00009 
00011 
00012 
00010 
00009 
00008 
00007 
00007 
00009 
00009 
00018 
00224 **
